aus_portret,aut_portret,bel_portret,bra_portret,che_portret,chl_portret,chn_portret,col_portret,deu_portret,dnk_portret,egy_portret,esp_portret,fin_portret,fra_portret,gbr_portret,grc_portret,hkg_portret,hun_portret,idn_portret,ind_portret,irl_portret,ita_portret,jpn_portret,kor_portret,mex_portret,mys_portret,nld_portret,nor_portret,nzl_portret,phl_portret,pol_portret,prt_portret,sgp_portret,swe_portret,tha_portret,tur_portret,twn_portret,zaf_portret,aus_portretx,aut_portretx,bel_portretx,bra_portretx,che_portretx,chl_portretx,chn_portretx,col_portretx,deu_portretx,dnk_portretx,egy_portretx,esp_portretx,fin_portretx,fra_portretx,gbr_portretx,grc_portretx,hkg_portretx,hun_portretx,idn_portretx,ind_portretx,irl_portretx,ita_portretx,jpn_portretx,kor_portretx,mex_portretx,mys_portretx,nld_portretx,nor_portretx,nzl_portretx,phl_portretx,pol_portretx,prt_portretx,sgp_portretx,swe_portretx,tha_portretx,tur_portretx,twn_portretx,zaf_portretx
1.0,0.4325024254947493,0.40957642036311315,0.3687265280140582,0.45070547801855254,0.2956480189466573,0.27686782548951977,0.3081600784962394,0.4395758791580498,0.3345633267802775,NaN,0.4315689023114957,0.4273254738449025,0.4518597747043549,0.4930152665704911,0.4481340563092367,0.4327852526509756,0.35508586589419444,0.3405623436134061,0.44000294875255586,0.4155145404149154,0.39053803173546703,0.5308970704069377,0.5702935121341962,0.29685647687713373,0.4228847415300757,0.382177715150399,0.4264764651899862,0.4562223535028576,0.4119163254180981,0.3775160285332061,0.39882126631818693,0.5333799353317692,0.43819646772958754,0.40152529441421536,0.18678270647739725,0.5018480799671063,0.4616724418116301,0.9988835869102447,0.4316830663597859,0.41034037183271094,0.3705160510114217,0.45097071898449503,0.29901968266039,0.27671711953346584,0.3014419781398274,0.44043342019011755,0.3352588019563788,NaN,0.43037763868710305,0.42414943810305417,0.4517646273512332,0.4903835589276293,0.44576259474225166,0.43097237579856923,0.35387173496187924,0.3411055976087069,0.44041175143165956,0.41624940414701145,0.3912951162547352,0.5235677504223535,0.5675711193387566,0.29622439604575374,0.4214956770135191,0.38200231050275146,0.42395557705824166,0.45846823642036716,0.41265877600730616,0.3774288684391269,0.3985870025419868,0.5316146235539989,0.43674758015271575,0.402027359228178,0.1857110924553768,0.5005340984478935,0.4631084760354582
0.4325024254947493,1.0,0.8077667817354757,0.4580353794487948,0.6808529667641698,0.4260007641852292,0.19711064840324172,0.46377370293170067,0.8298928945439408,0.4272152845842241,NaN,0.7999028081453942,0.7968552923845563,0.8053390537497885,0.7778621474672237,0.65126376697446,0.3763890312648553,0.6311689929648449,0.29411563702044297,0.45966685874756635,0.7622673655404989,0.8095346446045603,0.3518914223551729,0.3879635800225045,0.4136583129231161,0.3712954496739447,0.6704955618546585,0.6351628016287448,0.28241023213639116,0.2310733317178726,0.6460562213200609,0.6380456934882129,0.444435960893479,0.7245556550701798,0.43655068928642105,0.31759631730045146,0.3347323128094017,0.5825043654184037,0.43312771887320034,0.9975608920782613,0.8068575623907284,0.4562909445965731,0.680193534821049,0.423361798847922,0.1973210915222082,0.4562792537603242,0.8297113783231519,0.4271677493218242,NaN,0.798283234410523,0.7958493845130213,0.8039072387630575,0.7778110395426592,0.6503073052068679,0.37398001360593697,0.6293894418474125,0.29453193776049835,0.45917569497476524,0.7638834833465417,0.8057743566975432,0.35072143002480616,0.3871848415909536,0.41230083658869726,0.3693740593701321,0.6699441390156017,0.6330839350544252,0.2874086048413921,0.23100210087643497,0.6442017819344587,0.6393377151951106,0.44030351959614855,0.7246472702900825,0.43640441394113794,0.31695664987272276,0.3343901506892191,0.5836472634475007
0.40957642036311315,0.8077667817354757,1.0,0.42468880663300695,0.7486980667450389,0.3945759945314115,0.17654761443695693,0.4155503853185872,0.8214063147222631,0.44862343615597267,NaN,0.8082012647731891,0.7739941482026432,0.8273784735228937,0.8101417773533895,0.6360905093554617,0.337463227053858,0.5421467224642533,0.27303754806792346,0.4443193494343853,0.7436904541655994,0.8094799070660972,0.3174388132652131,0.33313520880633507,0.41897970962700826,0.3351908702103656,0.6734901046590944,0.5748555530444603,0.27844647876408835,0.22702566123928083,0.6029960031075793,0.615364110286069,0.4455583626053738,0.7430273313764821,0.42474896847113636,0.31716325027066206,0.3059096872984512,0.5502044749528195,0.40940975156185994,0.8062136309560897,0.9982870301855041,0.4226388467169814,0.7475909050827575,0.3933555201095496,0.1768528312519943,0.4101058190216319,0.8213170435426456,0.4478095377041829,NaN,0.8067089663078864,0.7719728183056075,0.8273486790058211,0.8097754962011533,0.6352257309640098,0.3361469667484086,0.5407361702094012,0.2749703843799765,0.44397354551884044,0.7449526784414621,0.8061746570061239,0.3170711654161156,0.33238666418781104,0.41835501217103144,0.3332700823119277,0.6731098357599956,0.5715181076519289,0.2819213018563967,0.22582753350120097,0.601499461661016,0.6166941274788469,0.44158684457509995,0.7417954691771421,0.4242841814561784,0.31715499631088884,0.3048411084204224,0.5502745793167966
0.3687265280140582,0.4580353794487948,0.42468880663300695,1.0,0.38376558064239946,0.4176987674408925,0.17042824131548906,0.48086043996164657,0.4341306918271727,0.21951974117230022,NaN,0.45392103216447666,0.41350389202219967,0.44594108472056093,0.4580520206873335,0.4104767092155058,0.24141804144225368,0.3379371000169674,0.23870926499820394,0.314246734226378,0.4002348418910702,0.4413439920581106,0.17753343318384104,0.21713955013669275,0.49056606882949677,0.2283358478135428,0.35492743046923386,0.4170676926457894,0.20412994721088626,0.22918942453150534,0.3916146648596949,0.3894894241266677,0.29493217458634946,0.3972108668594762,0.30896719351107543,0.19833088986522276,0.16105813160413748,0.4171021019530897,0.3687056089627856,0.45990941315726946,0.42325758929555485,0.9975591926419146,0.3840940939372022,0.4173987146769971,0.1703639246916068,0.4765434690695507,0.4339608381388498,0.2191192567743583,NaN,0.4523217868641509,0.4130965598515295,0.4458034615654644,0.457527117704142,0.40968534453111,0.24144197744896514,0.3356102176210625,0.23801273656799588,0.31444953665131253,0.40320439578073597,0.43755897968267526,0.17570415265333852,0.2161736175491483,0.4906548053977536,0.22773761869198164,0.35439480032308424,0.4153254521345451,0.208024991159091,0.22908933149183322,0.3908732814255149,0.3914434316644987,0.29270205713992425,0.39764479890441057,0.3088784043612772,0.19782236174736148,0.16087949923362677,0.41769848179075364
0.45070547801855254,0.6808529667641698,0.7486980667450389,0.38376558064239946,1.0,0.3524618477153511,0.19326445128203099,0.327921895382951,0.8380184702078348,0.6192295903630339,NaN,0.7245211907262359,0.7819126762057588,0.8320146593863632,0.8015398291780214,0.6005755362654351,0.31714990379046865,0.4825697802277145,0.23469971158493902,0.42483249470881734,0.7140112870064186,0.7746077747270597,0.38995887664203605,0.358572964814623,0.4057673731607646,0.332965124049625,0.7662608522344814,0.5575033572102457,0.3140704234653744,0.1843085633958357,0.6218546242429492,0.6046679049675726,0.42124492042283745,0.836727843989678,0.3736244281789747,0.2978737376610494,0.3426140305274369,0.5564210396021724,0.4511695244122651,0.6793176458757038,0.7475092515159397,0.3826434060759106,0.9984608830206829,0.3526817485750802,0.19305040899007578,0.32240278642385645,0.8373131575627222,0.6187228337970959,NaN,0.7241341924220401,0.7808024523237166,0.8313471832924089,0.8002271444185981,0.6005814197283429,0.31724859071772527,0.48197869868259907,0.2351441354885221,0.4242341131683902,0.71405688762107,0.7726967491364267,0.38715277216208555,0.35739499177440487,0.4049513851685514,0.32974218059178567,0.7655978004314861,0.5517069569415253,0.3157389331232156,0.18273329804158758,0.6199051855422222,0.6037186029193231,0.41883886383687335,0.8352631394608647,0.3735718827340346,0.29766961540166903,0.3409050971981793,0.5555957602130961
0.2956480189466573,0.4260007641852292,0.3945759945314115,0.4176987674408925,0.3524618477153511,1.0,0.16992219304597345,0.4027839603242203,0.38910347409323187,0.21409459601787978,NaN,0.3912461610168757,0.4159772896491301,0.3851023601353105,0.41071867068574897,0.3705454228466239,0.28402153448488293,0.321878883131916,0.2922090092453054,0.2921283006521739,0.37860230790557536,0.3435846427452943,0.19457720391587047,0.26778312592051046,0.35839196104999765,0.29729471389195483,0.3312988019057385,0.3664621918506105,0.17190034462496154,0.2354073743031176,0.35028403835343735,0.3297148892017421,0.29145920534371256,0.38197929157694205,0.3051026375348742,0.20199538512605808,0.22471870283355563,0.3873009499146464,0.29577332525413763,0.4255997604314334,0.3953229661305459,0.41574691819714693,0.3500663544015637,0.9961919523897156,0.1705730012395829,0.40166988765056477,0.3884462513911054,0.2119076016606236,NaN,0.38995792621095204,0.41307734750351194,0.38419085464887465,0.40980562798442344,0.3718208924837435,0.2845815649804143,0.3199723488486079,0.2906475751350999,0.29199102945509164,0.37913280881208866,0.3352049767696058,0.19362047172294383,0.2668561785508575,0.35747768157758897,0.29633560339096343,0.33063501689708624,0.3657085897178255,0.1746618412706233,0.23495382347182628,0.348076768155674,0.3315109005261339,0.2911645758029355,0.38444342803372744,0.30340338358669233,0.20251822076277612,0.22313665630334978,0.3869652316666148
0.27686782548951977,0.19711064840324172,0.17654761443695693,0.17042824131548906,0.19326445128203099,0.16992219304597345,1.0,0.14530435211374984,0.2062181743331466,0.11124207593868872,NaN,0.14638111746688165,0.244220209521121,0.2055081328968555,0.19909263128277924,0.19659593669302025,0.5381237446558065,0.1528162248710169,0.1529992958713656,0.2325284007247588,0.1551557639519597,0.1379904647480879,0.24672563115254176,0.3480902309822653,0.1708803816446969,0.296205925076882,0.2449121392588241,0.1922887322705885,0.20565872069735894,0.15861353191920965,0.17715613539641523,0.15181511365306508,0.3447373957304166,0.22557412180096717,0.26689669070022926,0.06293583085175684,0.31679676002281865,0.2982085783200235,0.277807688625141,0.1947412064899937,0.173684162926469,0.17271068928708974,0.1962370545184117,0.17221236763955586,0.9998613555383258,0.14518234802586769,0.20563505873528784,0.11097285268848517,NaN,0.14436298583752438,0.2441442430724881,0.20563080720125548,0.19715827509773767,0.19484811243237413,0.5371812049200532,0.15361536084762092,0.15403488619766692,0.23194828812267196,0.15464685995404714,0.1370568915127235,0.24353948370546122,0.34933639372330727,0.17168097961443773,0.2956846412632757,0.24473084092419609,0.19268903803899234,0.20880831963611077,0.1597916704295372,0.17780300077612948,0.1524005783522423,0.3457263800905921,0.22236763040327853,0.2672867062092355,0.06301611067931195,0.3157520238984302,0.29983466092135247
0.3081600784962394,0.46377370293170067,0.4155503853185872,0.48086043996164657,0.327921895382951,0.4027839603242203,0.14530435211374984,1.0,0.3851793082721606,0.19873989056899447,NaN,0.4145370597573566,0.4076797369736221,0.40019308860180186,0.45740935484450823,0.34882235132722,0.23707191160877156,0.3018777717999262,0.2827051773206199,0.3019300191704904,0.3637564215481626,0.40286143154178294,0.19948701786847817,0.23213454566706673,0.3783830976379656,0.2583798112404081,0.3082008862120704,0.4439333859275949,0.19390888247198299,0.27247504702211806,0.3347929776067554,0.3876990365952372,0.2834072964607439,0.33399439655733454,0.2957752028308538,0.17076821574444867,0.17542324566872364,0.3890245240351089,0.3064385981777567,0.4642351035611814,0.41576169341547575,0.4791152304232288,0.32844673563171817,0.40163135635697295,0.14595954309751008,0.985509953743322,0.3851458658355442,0.19897593982697034,NaN,0.4142744310411631,0.40630892852219497,0.400456203991864,0.4554856980738515,0.34743767307988005,0.2376228380828468,0.29975153948036604,0.28193370504538445,0.30228637518894746,0.36470729545777264,0.40098668722233244,0.19906301123238596,0.23060649995525237,0.37746267522258964,0.2589769133157922,0.3078856756635027,0.4446234068065095,0.19747529015533086,0.272528442291166,0.33471369484205205,0.39031491377640304,0.282777368094652,0.334433965984855,0.2961646001318523,0.16930022638068376,0.17645641427225608,0.39034621338841713
0.4395758791580498,0.8298928945439408,0.8214063147222631,0.4341306918271727,0.8380184702078348,0.38910347409323187,0.2062181743331466,0.3851793082721606,1.0,0.5446137528531059,NaN,0.8276905278730509,0.8511793589449442,0.911507354859335,0.8396746796902931,0.6318677305079957,0.34606714118218207,0.5778489492823019,0.2496064767762158,0.44252718043196443,0.8123234675158427,0.8705280954248489,0.36869577038575047,0.3949471813640015,0.4379418691423746,0.35480426688889727,0.8390850716442919,0.5960646226603002,0.2799908146018095,0.2085742461138653,0.6742127666028228,0.6483451713962227,0.4548193521919152,0.8773941168198686,0.3931632166693688,0.3255043420600571,0.3433914896428547,0.6244685666234215,0.43976368444650615,0.82851875322342,0.8206651213463347,0.4323969353767243,0.8374123016237721,0.3884719382712783,0.20615657179341887,0.37928115236651766,0.9987280043809826,0.5445895671823373,NaN,0.826518407868903,0.8502471183850556,0.9103746595660952,0.8382823876664736,0.6305285545348316,0.3450718577076655,0.576341887510412,0.25005249643310634,0.4420230862131914,0.8132046866436237,0.8674517755693392,0.36690083672449414,0.39529873329155263,0.4364434201011557,0.3515344564698994,0.8384424255306883,0.5911234447306066,0.2838962074673425,0.20807599482327277,0.6720668572247194,0.6471539701865777,0.4515692247619379,0.8775071653788389,0.3921892187991751,0.32520065037070106,0.3433919825829603,0.6229250416718555
0.3345633267802775,0.4272152845842241,0.44862343615597267,0.21951974117230022,0.6192295903630339,0.2140945960178798,0.11124207593868872,0.19873989056899447,0.5446137528531059,1.0,NaN,0.4502249871253317,0.5127678466168567,0.5162715575482959,0.5086680639173746,0.3700750437164295,0.19916012488776066,0.30871436874213487,0.19153400564536097,0.3173154829179016,0.4406075339047205,0.48088618035737574,0.29540782648783764,0.28435675254359816,0.2145651058267675,0.24288093381188966,0.5449239923989109,0.4106912325280413,0.20738739457184918,0.14705010639825594,0.41526363357877655,0.43742633465601743,0.2652386852032801,0.5822550259307503,0.28220497613054796,0.2059645206408883,0.28670280858120506,0.3862798894815492,0.33405886849512806,0.426055235384794,0.4483792298989851,0.22281049728020283,0.6170533002219644,0.21122989259413738,0.11112449198347704,0.19050299373494872,0.5443299608985568,0.9992263992217646,NaN,0.45060711620751265,0.5123371444247649,0.5143087988027095,0.506239544606333,0.36962576196080527,0.19862837880147982,0.30594064981175445,0.19076361076158524,0.31736894810038435,0.4415945993108863,0.4800615144923019,0.2930103534391608,0.2839619771172648,0.2126893360678033,0.24163996227397821,0.5449103748045099,0.4090522518839318,0.20983751826924854,0.1458697679641647,0.41564973068272104,0.4336264859874548,0.2641151021591144,0.5812939906586759,0.28221517588509676,0.2063473748835344,0.28558455725201687,0.3855775511136161
NaN,NaN,NaN,NaN,NaN,NaN,NaN,NaN,NaN,NaN,NaN,NaN,NaN,NaN,NaN,NaN,NaN,NaN,NaN,NaN,NaN,NaN,NaN,NaN,NaN,NaN,NaN,NaN,NaN,NaN,NaN,NaN,NaN,NaN,NaN,NaN,NaN,NaN,NaN,NaN,NaN,NaN,NaN,NaN,NaN,NaN,NaN,NaN,NaN,NaN,NaN,NaN,NaN,NaN,NaN,NaN,NaN,NaN,NaN,NaN,NaN,NaN,NaN,NaN,NaN,NaN,NaN,NaN,NaN,NaN,NaN,NaN,NaN,NaN,NaN,NaN
0.4315689023114957,0.7999028081453942,0.8082012647731891,0.45392103216447666,0.7245211907262359,0.3912461610168757,0.14638111746688165,0.4145370597573566,0.8276905278730509,0.4502249871253317,NaN,1.0,0.7781457891470861,0.8359311278639644,0.8323261864018324,0.6102637817482234,0.31322122111203354,0.5244150387662468,0.23489068435670057,0.42327018153154666,0.7529757056387525,0.8755561103436519,0.324236579137815,0.32870715657306704,0.43429254150240987,0.2894575792119769,0.6578978832248927,0.6068961730405289,0.27448361171900176,0.2559191368014679,0.6476218616194196,0.7248528006332325,0.4395051137365101,0.7509319523799881,0.3921235566201409,0.3037343648951163,0.2867484316144976,0.5577260993378572,0.4305509954157647,0.7985475066874171,0.8077811399524435,0.45312078523775295,0.723721892937553,0.3909667001067549,0.14652607517183378,0.4099340316065551,0.8272539497537441,0.4498177355108003,NaN,0.9988725369468324,0.7757964825762715,0.8354668506529798,0.8316104346994861,0.6102215925659922,0.3110752549887857,0.5233865290097854,0.23521603842737832,0.4229323390649507,0.7550064560923003,0.8705638272726445,0.3237493832593836,0.32821357539565127,0.4337755657936541,0.2879985902553263,0.6576447637097116,0.6053942446332549,0.277920332957021,0.25536311839329096,0.6455722571357494,0.724062462021008,0.4369485922182349,0.7493669068985672,0.3915723876438791,0.3030902153699027,0.2862017078473858,0.5578595164934085
0.4273254738449025,0.7968552923845563,0.7739941482026432,0.41350389202219967,0.7819126762057588,0.4159772896491301,0.244220209521121,0.4076797369736221,0.8511793589449442,0.5127678466168567,NaN,0.7781457891470861,1.0,0.8283151717370538,0.8123438914407973,0.6015894543846232,0.38491879618228575,0.5538495984132898,0.2829422451406885,0.46283747475872933,0.7525659309456841,0.7855112561952817,0.3658123756288203,0.38658717092438805,0.44030177690194505,0.3686185251130563,0.7415816994506192,0.6477500584125374,0.29480155159450844,0.20431555958568254,0.638660098964505,0.6390359986462766,0.46253335348709784,0.8624296950655184,0.4032946030709194,0.3090997082879914,0.33349777708602624,0.6039154593312694,0.42798764121751753,0.7962591743632391,0.7741079245395781,0.411586361218095,0.7818701930284991,0.4153713268900545,0.24435401365596546,0.405668778054092,0.8502623722738375,0.5125265594787356,NaN,0.7774006331840677,0.9963533000100684,0.8276276299083452,0.8111779933514056,0.5999820954262818,0.3836540681183645,0.5540891592732757,0.2831943272622317,0.46268389288871953,0.7535500850865323,0.782118718081476,0.3647508712283891,0.38560268716903423,0.4392767454594553,0.3670519295922865,0.7408063642869156,0.6426321080552982,0.2987981314273543,0.20382898155198417,0.6365795441649705,0.6358934295310273,0.4602524131638058,0.8633421520616561,0.40338348771522714,0.30864277014967073,0.33266500005915395,0.6036575144158005
0.4518597747043549,0.8053390537497885,0.8273784735228937,0.44594108472056093,0.8320146593863632,0.3851023601353105,0.2055081328968555,0.40019308860180186,0.911507354859335,0.5162715575482959,NaN,0.8359311278639644,0.8283151717370538,1.0,0.8473921501497047,0.6424251250205466,0.36591992267941736,0.5579063678100714,0.2484526841250377,0.4405772130890655,0.7968120892950404,0.8571740149664581,0.3542238004296993,0.38400163809911086,0.4460160422954584,0.34919702693372123,0.8142048382824468,0.5749012413990112,0.2944353639756602,0.22840078651212845,0.6410511069713638,0.6376169739624427,0.45053503995823274,0.8429093981379077,0.404199779767371,0.33390638043494936,0.3231307049618682,0.6123162980893241,0.45199188157564074,0.8044468822186638,0.8278322699090277,0.4445667959537685,0.8316989054131746,0.38402137394318414,0.2055610020228932,0.3916770053627365,0.9112885520824708,0.5161125339408354,NaN,0.8353032714684551,0.8273214585221151,0.9995316806365877,0.84599665278882,0.6421513200455226,0.3649019814721058,0.5571173256034763,0.2494616135889788,0.44017812521803745,0.7971418206263877,0.854037448273813,0.3526028745530668,0.3834060950984461,0.44492960773194273,0.34651806383484685,0.8138611628118659,0.5708911170431916,0.2989730963658623,0.22812005372983007,0.6388607672529905,0.6375619762639441,0.44845885503251026,0.8417489987578212,0.4039987691224012,0.3333351679162702,0.3220237670304874,0.6112547969429608
0.4930152665704911,0.7778621474672237,0.8101417773533895,0.4580520206873335,0.8015398291780214,0.41071867068574897,0.19909263128277924,0.45740935484450823,0.8396746796902931,0.5086680639173746,NaN,0.8323261864018324,0.8123438914407973,0.8473921501497047,1.0,0.6271092702934352,0.3779872060801792,0.5447948675421546,0.26575533595451856,0.46566380871334534,0.770465671603437,0.8118529193247244,0.3777500920537447,0.39179549266870467,0.4737002523115614,0.34705525198476067,0.6992520925699042,0.6653354247020175,0.32905556991550367,0.2432616214044025,0.6583897927207464,0.7056335702976384,0.49454235945461117,0.7810437652901931,0.4056741507294607,0.3231319539729887,0.33459751480590777,0.6310513694735005,0.4938724653275471,0.7768674702555931,0.8103769169930926,0.45643344859638224,0.8017620854177199,0.41097754816635257,0.1991519999819032,0.45163617907946507,0.8386479868152366,0.5083960687502769,NaN,0.83106109957513,0.8118161460791451,0.8468104161074009,0.9988219555919979,0.6264464218687903,0.37795224405994127,0.5422874016995457,0.26653738241967573,0.4654109326032859,0.7706143808479187,0.807321794414336,0.3759770538165318,0.3887052081834811,0.47325598994663387,0.34498876314759463,0.6990607437909508,0.6631363797410015,0.3318810336066381,0.24250543942308297,0.6571896585458044,0.704050765099691,0.4914474304868649,0.7800430489716668,0.40483223069785385,0.3226498925307251,0.3340999472168343,0.6322275634681347
0.4481340563092367,0.65126376697446,0.6360905093554617,0.4104767092155058,0.6005755362654351,0.3705454228466239,0.19659593669302025,0.34882235132722,0.6318677305079957,0.3700750437164295,NaN,0.6102637817482234,0.6015894543846232,0.6424251250205466,0.6271092702934352,1.0,0.29346559346431556,0.5027262397636464,0.28276074567688003,0.44848138395145315,0.5788799413799676,0.6175400043233634,0.3682491457421753,0.37550063974639253,0.36954966298539754,0.3926767868892329,0.5314019081935133,0.5037075938892142,0.269076244089869,0.22750704649801648,0.5763658807617043,0.5005540433230425,0.43214125251088925,0.5827547907445678,0.415112179565184,0.30652938168581706,0.3386825341308202,0.4955452584996402,0.45026680761745375,0.6479479751062123,0.6371268537321848,0.4113874446306559,0.5994691301224291,0.36824286173646387,0.19689233001787557,0.3417766553952608,0.6317295534955185,0.3694412460211239,NaN,0.6088086065181258,0.6030273765067928,0.6418049594936088,0.6274651887683381,0.9985842496624915,0.2930665534624927,0.5008279937646389,0.2835483582144287,0.4480260282106973,0.5803752054503184,0.6101388880156055,0.3671263665715985,0.37505753331660074,0.36901293425584897,0.39071163629871614,0.5318301296702245,0.5024617455292023,0.2724692770968781,0.22669597805528702,0.5746262374368257,0.5011434000260815,0.42859836985104494,0.5817752520095323,0.4151923277765123,0.3058523589368483,0.33726892422398386,0.4963079801556429
0.4327852526509756,0.3763890312648553,0.337463227053858,0.24141804144225368,0.31714990379046865,0.28402153448488293,0.5381237446558065,0.23707191160877156,0.34606714118218207,0.19916012488776066,NaN,0.31322122111203354,0.38491879618228575,0.36591992267941736,0.3779872060801792,0.29346559346431556,1.0,0.2887004427325844,0.31223773245110836,0.372857333418583,0.3085766275815467,0.28552180854732706,0.38274013179324773,0.5319177798956135,0.2543277758594179,0.440889922519291,0.3571396969802702,0.34671670679409555,0.2823506285709176,0.33220738560986424,0.28193160848699983,0.31874888186246775,0.5724524881534707,0.3291227220937223,0.4394322011706051,0.16177022303976774,0.49691774861951105,0.4567347359767405,0.43219278226243996,0.37507119393747,0.33630198596820676,0.23986373603039807,0.3175648599718366,0.28743945273068655,0.5384690054787264,0.22750030647181751,0.34569151148295413,0.19862984050211774,NaN,0.3139528549848809,0.38582313911387056,0.3657613965107027,0.3747716450424301,0.2918550438873917,0.9978687301859139,0.28808495390915767,0.31330931302892917,0.3727936718976097,0.306411923845246,0.2844814305784665,0.38180953980070226,0.5312195739378172,0.25395717004068874,0.4405865311874806,0.3566457335329659,0.34588124361902733,0.28251629835876246,0.3334258893271709,0.2806787288684332,0.3181121755091201,0.5724750469827001,0.3277405348214909,0.4399277741165004,0.16175675642522858,0.49628915439029886,0.45691625514913453
0.35508586589419444,0.6311689929648449,0.5421467224642533,0.3379371000169674,0.4825697802277145,0.321878883131916,0.1528162248710169,0.3018777717999262,0.5778489492823019,0.30871436874213487,NaN,0.5244150387662468,0.5538495984132898,0.5579063678100714,0.5447948675421546,0.5027262397636464,0.2887004427325844,1.0,0.28558194314484114,0.41644933231145,0.5103663860858315,0.5631569070142132,0.2655321472511652,0.34997398301899235,0.29984118139045157,0.291849466920827,0.46469834623090356,0.41622690845814037,0.18314073632357625,0.25213630840220297,0.5716128511409516,0.44346137992657386,0.3576710138601282,0.49290068874441045,0.3370467182429876,0.2753217652641015,0.2775351145064832,0.4336692886932848,0.3585579673374091,0.6281868230768097,0.5414883328188973,0.33670902983661294,0.48252144928957263,0.32107548582648676,0.1528187148436401,0.2929945056686973,0.5781935548132482,0.3095405710285091,NaN,0.5214131533424365,0.5546856605731273,0.5569172237958138,0.5445825005270205,0.5033536753732902,0.2881013114665594,0.9957465095015605,0.2874402383439266,0.4159092803128874,0.5128630478523557,0.5597024293577185,0.2683702713398671,0.3488848181876739,0.2979444114648353,0.2912021757580279,0.4640830820560386,0.41469469669011,0.18858997638512215,0.251859575314915,0.5717698139834994,0.442474553378271,0.3532514879142336,0.4924725356062796,0.3361772192561325,0.2746694084459014,0.27744598449840235,0.43325039274940036
0.3405623436134061,0.29411563702044297,0.27303754806792346,0.23870926499820394,0.23469971158493902,0.2922090092453054,0.1529992958713656,0.2827051773206199,0.2496064767762158,0.191534005645361,NaN,0.23489068435670057,0.2829422451406885,0.2484526841250377,0.26575533595451856,0.28276074567688003,0.31223773245110836,0.28558194314484114,1.0,0.3818651833662568,0.2423148531873659,0.23208082220258036,0.2508363488470992,0.4008675452003969,0.2285762102565085,0.43248635570199484,0.21532087611571193,0.27964884298741205,0.2808725166693894,0.40502632866985805,0.2342722370695352,0.20923940783523054,0.42691244590513383,0.255580087731654,0.4040969570160654,0.1481073489422829,0.3943353409222859,0.3207543244241815,0.3406627958668937,0.2974580683651027,0.2730979922711139,0.2393679873567563,0.23546277632012025,0.2942747348539703,0.15282940461917813,0.26865471737738533,0.24990142269049775,0.1897466523078048,NaN,0.23414150182705382,0.2806962790378883,0.2486194737989848,0.263662053503866,0.2820932564733441,0.31079109546516853,0.2840379396787889,0.9991847025376672,0.3819265596123785,0.24234173014583557,0.23438184113048297,0.25407355360215766,0.4033103846579702,0.22650322007836357,0.4328561741646894,0.2153298102869354,0.2778725776815523,0.2796661442017934,0.40519748185535354,0.2316193629360949,0.2087644976259442,0.4234782133557244,0.25466361225962775,0.4038696100486318,0.14820500781338403,0.39431633694324425,0.3181595738935611
0.44000294875255586,0.45966685874756635,0.4443193494343853,0.314246734226378,0.42483249470881734,0.2921283006521739,0.2325284007247588,0.3019300191704904,0.44252718043196443,0.3173154829179016,NaN,0.42327018153154666,0.46283747475872933,0.4405772130890655,0.46566380871334534,0.44848138395145315,0.372857333418583,0.41644933231145,0.3818651833662568,1.0,0.4265701383126726,0.4035872734817051,0.327227020699905,0.46491696857882975,0.26960287034119196,0.4550567327612825,0.410674621885658,0.38276014981870116,0.3524865772748589,0.35254316239465744,0.420523085399116,0.3675148463518348,0.5263888433069915,0.4434486581862007,0.5190638286410365,0.2506608793854871,0.42220443193339013,0.44979212600617025,0.44157816916480347,0.4568065572875014,0.44669397268638056,0.315412246439905,0.42489717044926056,0.29722746591130783,0.23223362429838018,0.29247634091412644,0.442203499262448,0.3163100571905951,NaN,0.42203370685092434,0.46107668980852173,0.4394322744884821,0.46388608997785263,0.4466652916782047,0.3693017284478322,0.413013374507462,0.3813005406852968,0.9999440760158359,0.42785823320911104,0.40692744836428735,0.3272695003347258,0.4646679615169452,0.27021304501275817,0.4558669226652192,0.4103565093375812,0.38096108603545487,0.3531716551232539,0.3515792584307835,0.417954674981825,0.3646204377205368,0.523230721727836,0.4406067382816211,0.518310028280843,0.2507956687603839,0.4205929041415852,0.44965486333370847
0.4155145404149154,0.7622673655404989,0.7436904541655994,0.4002348418910702,0.7140112870064186,0.37860230790557536,0.1551557639519597,0.3637564215481626,0.8123234675158427,0.4406075339047205,NaN,0.7529757056387525,0.7525659309456841,0.7968120892950404,0.770465671603437,0.5788799413799676,0.3085766275815467,0.5103663860858315,0.2423148531873659,0.4265701383126726,1.0,0.7479117845380272,0.30207718592776994,0.35217013669911307,0.42407516053957134,0.320678072254185,0.6840168041648509,0.49700124064190987,0.23929842791115064,0.2254691784960669,0.5846319732913998,0.5628108679240729,0.39912469395355404,0.751847549214527,0.3591491083315384,0.30503242595858054,0.3029128977938254,0.5566396569522609,0.4162093136916041,0.7626904247347498,0.7435520662545216,0.39809726973633924,0.7140955190969315,0.37882918564523604,0.15504337889328682,0.3595893325721016,0.8119902959011477,0.4414709632764444,NaN,0.7517732579589769,0.7537864153522288,0.796468964926134,0.7700299923319899,0.5779154504363085,0.30738421012900763,0.5096049937399539,0.24301547147564592,0.42634692493497917,0.9990364415098321,0.7456780058244645,0.3045957738709925,0.35048156292467053,0.422988383258178,0.3191200626993756,0.6836939203309008,0.49347323490759903,0.24269933840837335,0.2256906692905057,0.583097378241833,0.5627405264702686,0.3952179738118202,0.7514409474669106,0.35785837773827056,0.30504922563413245,0.3019534544812488,0.556851551123252
0.39053803173546703,0.8095346446045603,0.8094799070660972,0.4413439920581106,0.7746077747270597,0.3435846427452943,0.1379904647480879,0.40286143154178294,0.8705280954248489,0.48088618035737574,NaN,0.8755561103436519,0.7855112561952817,0.8571740149664581,0.8118529193247244,0.6175400043233634,0.2855218085473271,0.5631569070142132,0.23208082220258036,0.4035872734817051,0.7479117845380272,1.0,0.3081094637052193,0.30056672938849816,0.41381641753266385,0.2817850805674761,0.716656180216504,0.6167248817437568,0.23269921261429238,0.2224381681631722,0.6707695748131188,0.6967317035787772,0.3943887881399948,0.7776463447441498,0.38433271629614685,0.3076415155608389,0.25893514256201244,0.5547276552353609,0.3903368839023684,0.8092430035841746,0.8089801170227644,0.4397194931844671,0.7738662583899925,0.3416793668373001,0.13821718525027096,0.39635690332587803,0.8696358272024406,0.48077932631799014,NaN,0.8737326342400858,0.7834372794947829,0.8562625972174283,0.8120757503657636,0.6169206320691815,0.28416524968210904,0.5626274025322651,0.2324738985817384,0.4031865670552324,0.750998389060206,0.9951702440004323,0.3068659200419552,0.30016273825604894,0.41337521227500273,0.2792300815297337,0.7160660850424406,0.6130450075405524,0.23832205625843156,0.22188798858992406,0.6683797966586806,0.695721286849321,0.391403843944648,0.7761735692686972,0.383841838686205,0.3069202849952783,0.2589440932537937,0.5541396047581841
0.5308970704069377,0.3518914223551729,0.3174388132652131,0.17753343318384104,0.38995887664203605,0.19457720391587047,0.24672563115254176,0.19948701786847817,0.36869577038575047,0.29540782648783764,NaN,0.324236579137815,0.3658123756288203,0.3542238004296993,0.3777500920537447,0.3682491457421753,0.38274013179324773,0.2655321472511652,0.2508363488470992,0.327227020699905,0.30207718592776994,0.3081094637052193,1.0,0.6007644189983167,0.17994207562334588,0.4915962744059213,0.34202699676454357,0.3256293480456233,0.3078924821932703,0.2800951847327701,0.31810772983359614,0.2975018798154232,0.49076207704301283,0.3512870312117329,0.31664237172504983,0.14501407456019358,0.5522150531756016,0.3081844686744757,0.5303836375092972,0.35127368869744247,0.3172160626444319,0.17675569861134233,0.39242688548536797,0.1961798929766077,0.2464996505901674,0.19695535345795526,0.3681273042399079,0.2933077124442109,NaN,0.32238736351474345,0.3667299397153529,0.353053490501993,0.37547332919034343,0.3676212044308131,0.3815637638774232,0.26596579663897546,0.2523628695278017,0.3267519974899395,0.29985562830583057,0.30633091755722136,0.9971538285883778,0.5987486991650998,0.18054229735150926,0.4906689389571048,0.3415175850461282,0.32384188390936364,0.3057391101952929,0.2800666964461702,0.3169216294404856,0.2929609649313014,0.4890810163074518,0.3506845580177854,0.31812880948362743,0.144489754694311,0.5508163550688246,0.31033562699905276
0.5702935121341962,0.3879635800225045,0.33313520880633507,0.21713955013669275,0.358572964814623,0.26778312592051046,0.3480902309822653,0.23213454566706673,0.3949471813640015,0.28435675254359816,NaN,0.32870715657306704,0.38658717092438805,0.38400163809911086,0.39179549266870467,0.37550063974639253,0.5319177798956135,0.34997398301899235,0.4008675452003969,0.46491696857882975,0.35217013669911307,0.30056672938849816,0.6007644189983167,1.0,0.25014494352336925,0.5625280445796653,0.3772219255352146,0.32701775501105573,0.3846388618855842,0.4193314629613668,0.32820799267949435,0.31044649621619363,0.6095958685725064,0.37096309523865356,0.4517596258644569,0.19080783366911147,0.6886429310676127,0.46212976803024103,0.5714982789111339,0.3850498908869921,0.3326308010716817,0.2197723622733189,0.36158115050646317,0.2727529443741916,0.3480608924702981,0.2289885794193376,0.3949107830626841,0.284114848708601,NaN,0.3286295421066464,0.387076603450496,0.3832577790465237,0.38904922178283863,0.3729976030804678,0.5291398092868156,0.34834366329262517,0.4013799424502792,0.4649741131020122,0.35099404169639553,0.30051823916528236,0.5997079772256212,0.9982148913271167,0.2506066046949967,0.5605903114273821,0.37710735405193535,0.3240475130283882,0.3851099695114948,0.41961274383071284,0.3275457103587244,0.3084208303008842,0.6067704476018418,0.3712364961520538,0.4528771141541677,0.19034334615920864,0.6885638522800107,0.46251096554864735
0.29685647687713373,0.4136583129231161,0.41897970962700826,0.49056606882949677,0.4057673731607646,0.35839196104999765,0.1708803816446969,0.3783830976379656,0.4379418691423746,0.2145651058267675,NaN,0.43429254150240987,0.44030177690194505,0.4460160422954584,0.4737002523115614,0.36954966298539754,0.2543277758594179,0.29984118139045157,0.2285762102565085,0.26960287034119196,0.42407516053957134,0.41381641753266385,0.17994207562334588,0.25014494352336925,1.0,0.2086587562783825,0.3957942108919514,0.34439610489675526,0.20786735389284544,0.24604815115187204,0.3820734629080031,0.3755620754959989,0.3015693069030799,0.4336464671969814,0.2907805148912168,0.1867786912266879,0.17784912642011982,0.45140079810734507,0.2961434264635506,0.4143587848608336,0.4183824411128005,0.48868254666817235,0.40646269505197624,0.3594464792342531,0.1713395366518338,0.37210310040220146,0.4374519834088887,0.21521000997069029,NaN,0.43519704938793213,0.43797278747896035,0.4463947979829437,0.4743713494065597,0.3674862347743192,0.2530007928980778,0.2993300603833154,0.22868490763684715,0.2701362637082246,0.4236760038754614,0.41345748508818286,0.18012600360888295,0.25050448503111855,0.9990156959414919,0.206996054423742,0.39531553057476204,0.3428444413218159,0.2092949625058071,0.2453455989854209,0.37871756936096895,0.375477290923829,0.29932231986302793,0.4329116429349884,0.2900662134057859,0.1865770693774434,0.17796522252830962,0.44892057035222244
0.4228847415300757,0.3712954496739447,0.3351908702103656,0.2283358478135428,0.332965124049625,0.29729471389195483,0.296205925076882,0.2583798112404081,0.35480426688889727,0.24288093381188966,NaN,0.2894575792119769,0.3686185251130563,0.34919702693372123,0.34705525198476067,0.39267678688923296,0.440889922519291,0.291849466920827,0.43248635570199484,0.4550567327612825,0.320678072254185,0.2817850805674761,0.4915962744059213,0.5625280445796653,0.2086587562783825,1.0,0.3176579526118937,0.2948118615143446,0.37889891415363797,0.4256551673442726,0.2986546926254488,0.2635268284281879,0.5719415566628105,0.3305479832034252,0.497359000908504,0.1849174018986211,0.5513798027639135,0.3923167120085214,0.4251349717532627,0.37118096107534865,0.3349216881615187,0.22966671801085184,0.33556716631005107,0.3018386660955606,0.29615108515546945,0.25206970221122327,0.3543325568336691,0.24183000311944786,NaN,0.2888346902173271,0.3671486511393787,0.34987748236583616,0.3434115649396853,0.3918509689097938,0.44025138979239753,0.29183953671168383,0.43306632542771334,0.45500910716458753,0.31888257102242257,0.2827514929651524,0.49273036300714307,0.5623086176638695,0.20909879958610772,0.998869830443538,0.3181828024307744,0.29102606797169905,0.3796539457338776,0.4263596190907121,0.2977189149440813,0.2599454711712493,0.5696743203799538,0.32936211951918404,0.49719353051261206,0.18469755795494838,0.5508577373191156,0.3917412328728939
0.382177715150399,0.6704955618546585,0.6734901046590944,0.35492743046923386,0.7662608522344814,0.3312988019057385,0.2449121392588241,0.3082008862120704,0.8390850716442919,0.5449239923989109,NaN,0.6578978832248927,0.7415816994506192,0.8142048382824468,0.6992520925699042,0.5314019081935133,0.3571396969802702,0.46469834623090356,0.21532087611571196,0.410674621885658,0.6840168041648509,0.716656180216504,0.34202699676454357,0.3772219255352146,0.3957942108919514,0.3176579526118937,1.0,0.4872165941436084,0.2491324549483915,0.1640375687669501,0.570428159073691,0.5338125111733439,0.37888156635566567,0.8123693687250305,0.3348373464450716,0.28168317229009454,0.3404603662015893,0.6088666138243387,0.38277297805277555,0.6681728806730324,0.6728120607417267,0.35409386041558044,0.7669620798106617,0.33061850125258097,0.24503835240687813,0.3009743095670894,0.8384013877744502,0.5435646355340646,NaN,0.6568213483469065,0.7409736337479994,0.813342270694988,0.6968567314779226,0.5307961819630627,0.35619687227072816,0.46390479509207105,0.21562822242025137,0.40992068750327454,0.683750562148039,0.7134508757331397,0.34133609364609957,0.37770353290189435,0.39452605483515796,0.3144805934908878,0.9997822248298327,0.48265570760921034,0.2519145270871605,0.16384939934781087,0.567124369543591,0.5317394907116587,0.3766943770671145,0.810938648526973,0.33598254628549595,0.281170619489529,0.3394442719754553,0.6063562300161768
0.4264764651899862,0.6351628016287448,0.5748555530444603,0.4170676926457894,0.5575033572102457,0.3664621918506105,0.1922887322705885,0.4439333859275949,0.5960646226603002,0.4106912325280413,NaN,0.6068961730405289,0.6477500584125374,0.5749012413990112,0.6653354247020175,0.5037075938892142,0.34671670679409555,0.41622690845814037,0.27964884298741205,0.38276014981870116,0.49700124064190987,0.6167248817437568,0.3256293480456233,0.32701775501105573,0.34439610489675526,0.2948118615143446,0.4872165941436084,1.0,0.2714180228815008,0.19607527646560308,0.5439290289107992,0.5836864964457482,0.39336466543139825,0.5904430186220486,0.3612660793831646,0.24815578734677599,0.29405529791259455,0.5430352368368763,0.4248359225466741,0.6348287953803701,0.5768147411066473,0.4155290194947062,0.5566706414694176,0.36680684644688516,0.19245338522058955,0.43745324922574647,0.5951277921269242,0.41100272516418235,NaN,0.6059315134509622,0.6456580632832224,0.5748334028161328,0.6636203789987011,0.5032658955208545,0.3461778645250841,0.412703980520681,0.27984169658559715,0.3824875787659478,0.4986365400869051,0.6164549986274531,0.3220031765730806,0.3258316801801644,0.3425639109520024,0.29355328383375373,0.48699558020331685,0.9965593376256675,0.2746451299696273,0.19547896578547863,0.5423244814694649,0.5792413746437396,0.38964657720366125,0.5898209296363509,0.36261951115170826,0.24744621525923935,0.2927266184648598,0.544004181119757
